<!DOCTYPE html>
<html>
<head>

<title>Correlations</title>
<meta charset="utf-8">
<link href="https://fonts.googleapis.com/css?family=Roboto+Condensed" rel="stylesheet">
<link href="https://fonts.googleapis.com/css?family=Roboto:400,500" rel="stylesheet">
<link href="https://fonts.googleapis.com/css?family=Roboto:900" rel="stylesheet">

<style>

body {
  font-family: 'Roboto Condensed', sans-serif;
  font-size: 17px;
  text-align: center;
  vertical-align: middle;
}

.ribbons {
  fill-opacity: 0.5;
  stroke-opacity: 0.1;
}

.myArc{
  fill-opacity:1;
}

svg{
  margin:auto;
  display: block;
  padding: 0;
}

.staticVis{
  margin:auto;
  display: block;
  padding: 0;
}


#overlay{

  float:left;
  transform: translate(300px, 0);
}


#map{
  transform: translate(0, -20px);
}

#map svg{
  background-color: #BADADE;
}


.mouseText{
  font-size: 24px;
}

.timeText{

  font-size: 48px;
}

.storyText{
  font-family: Roboto;
  margin: auto;
  width: 800px;
  padding-top: 10px;
  padding-bottom: 10px;
  font-size: 1em;
  text-align: justify;
}

#postChord{

  transform: translate(0, -50px);
}

.storyText h1{
  padding-top: 50px;
  padding-bottom:0px;
  font-weight: 900;
  font-size: 4em;


}

.storyText h2{
padding-top: 40px;
text-align: center;

}

#byline{

text-align: center;

}




.clipped {
	background: url('https://dl.dropboxusercontent.com/s/3j397mcz4id9rcq/texture.PNG?dl=0') no-repeat center center;
	background-size: cover;
	color: #fff;
	text-align: center;
	-webkit-text-fill-color: transparent;
	-webkit-background-clip: text;
}

#sneaky{
  font-size:1.65em;
}

#axisImg{
  transform: translate(0, -60px);
}
span{
    font-weight: 500;
}

#preMap{

  margin-bottom: 0;
  padding-bottom: 0;
}

</style>

</head>

<body>


<div id="svgWrapper">
  <svg width="960" height="870"></svg>
</div>

<script src="palette.js"></script>

<script src="https://d3js.org/d3.v4.min.js"></script>


<script>
(function() {
  
var questionNames = ["enjoyment","skills","unprepared","timelessnes","self-consciousness","new","unexpected","learnt","better","motivated","quiz1","quiz2","quiz3","quiz4","assignment","combined"];
var numQuestions = questionNames.length;
var hoverer = new Array(numQuestions).fill(false);
var secondary = new Array(numQuestions).fill(false);

var anyHover = false;
  
var matrix = [
[0,0.602336479,0.133334909,0.407870625,0.294122764,0.223664424,0.023446345,0.426646752,0.49471451,0.589665048,-0.210226212,-0.075907598,-0.249953905,0.159055372,-0.080596563,-0.141583033],
[0.602336479,0,0.064382319,0.460262838,0.348427482,0.095237492,0.026368385,0.319220619,0.302525702,0.379574111,-0.173426171,0.005590466,-0.116455601,0.184765451,0.001347196,-0.009778365],
[0.133334909,0.064382319,0,0.126483092,0.401490574,0.382909137,0.502174853,0.272805143,0.163848666,0.144816209,-0.184031557,-0.206096074,0.02070651,0.135394555,-0.156501087,-0.123747421],
[0.407870625,0.460262838,0.126483092,0,0.339410647,0.401877198,0.183007208,0.417132859,0.326600179,0.433384695,-0.060673006,0.036245044,-0.256981558,0.054742013,-0.093433004,-0.116831998],
[0.294122764,0.348427482,0.401490574,0.339410647,0,0.284412762,0.290076564,0.189479823,-0.009197971,0.097110748,-0.150402235,-0.190138605,0.113743323,0.394586369,-0.093908712,0.051449933],
[0.223664424,0.095237492,0.382909137,0.401877198,0.284412762,0,0.589098909,0.500905984,0.249933288,0.279334571,-0.009800633,0.103942541,0.01245435,0.190846387,-0.215459879,0.014298108],
[0.023446345,0.026368385,0.502174853,0.183007208,0.290076564,0.589098909,0,0.363988687,0.215765795,0.142490535,-0.145890834,-0.152578981,0.100975885,0.104439242,0.013025841,-0.003105534],
[0.426646752,0.319220619,0.272805143,0.417132859,0.189479823,0.500905984,0.363988687,0,0.526203627,0.496648776,-0.119342735,0.017793965,-0.050092508,0.246041022,-0.231713318,-0.049626714],
[0.49471451,0.302525702,0.163848666,0.326600179,-0.009197971,0.249933288,0.215765795,0.526203627,0,0.781112052,-0.176066737,0.053520096,-0.239486322,0.054053639,-0.041488963,-0.108669825],
[0.589665048,0.379574111,0.144816209,0.433384695,0.097110748,0.279334571,0.142490535,0.496648776,0.781112052,0,-0.152202226,-0.058001192,-0.235052686,0.003573876,-0.012720969,-0.14579519],
[-0.210226212,-0.173426171,-0.184031557,-0.060673006,-0.150402235,-0.009800633,-0.145890834,-0.119342735,-0.176066737,-0.152202226,0,0.615356117,0.504610551,0.122001523,0.068825228,0.70641935],
[-0.075907598,0.005590466,-0.206096074,0.036245044,-0.190138605,0.103942541,-0.152578981,0.017793965,0.053520096,-0.058001192,0.615356117,0,0.288453885,0.387917945,-0.137494181,0.677162109],
[-0.249953905,-0.116455601,0.02070651,-0.256981558,0.113743323,0.01245435,0.100975885,-0.050092508,-0.239486322,-0.235052686,0.504610551,0.288453885,0,0.28193284,0.138477884,0.753009725],
[0.159055372,0.184765451,0.135394555,0.054742013,0.394586369,0.190846387,0.104439242,0.246041022,0.054053639,0.003573876,0.122001523,0.387917945,0.28193284,0,-0.380074847,0.477791135],
[-0.080596563,0.001347196,-0.156501087,-0.093433004,-0.093908712,-0.215459879,0.013025841,-0.231713318,-0.041488963,-0.012720969,0.068825228,-0.137494181,0.138477884,-0.380074847,0,0.322590312],
[-0.141583033,-0.009778365,-0.123747421,-0.116831998,0.051449933,0.014298108,-0.003105534,-0.049626714,-0.108669825,-0.145795193,0.70641935,0.677162109,0.753009725,0.477791135,0.322590312,0],
]

for(let x = 0; x < numQuestions; x++){
  for(let y = 0; y < numQuestions; y++){
    matrix[x][y] = matrix[x][y]*matrix[x][y];//Math.sqare(matrix[x][y]);
  }
}

let cutA = 0.1;
cutA*=cutA;
let cutB = 0.3;
cutB*=cutB;
let cutC = 0.5;
cutC*=cutC;


var currentNum = 16;


var svg = d3.select("svg"),
width = +svg.attr("width"),
height = +svg.attr("height"),
innerRadius = Math.max(width, height) * 0.5 - 250;
//outerRadius = Math.min(width, height) * 0.5 - 140,


var chord = d3.chord()
.padAngle(-100)
.sortSubgroups(d3.descending);

//var arc = d3.arc()
//.innerRadius(innerRadius)
//.outerRadius(outerRadius);

var ribbon = d3.ribbon()
.radius(innerRadius);
//var pallet = ["#ff0000","#01764a","#104732","#98c93c","#00964c","#206141","#01ab52","#08b188"];




var colorRange = palette('mpn65', numQuestions);


var color = d3.scaleOrdinal()
.domain(d3.range(numQuestions))
.range(colorRange);

var correlationColorRange = ["#f1f1f2", "#e4efdb", "#b0ce95", "#5e813e"]

var correlationColors = d3.scaleOrdinal()
.domain(d3.range(3))
.range(correlationColorRange);

var g = svg.append("g")
.attr("transform", "translate(" + width / 2 + "," + height / 2 + ")")
.datum(chord(matrix));

var group = g.append("g")
.attr("class", "groups")
.selectAll("g")
.data(function(chords) { return chords.groups; })
.enter().append("g");

group.append("path")
.style("fill", function(d) { return color(d.index); })
.style("stroke", function(d) { return d3.rgb(color(d.index)).darker(); })
.attr("class", "myArc")
.attr("d", d3.arc()
  .innerRadius(innerRadius)
  .outerRadius(innerRadius+150));



//.attr("d", arc);

g.append("g")
.attr("class", "ribbons")
.selectAll("path")
.data(function(chords) { return chords; })
.enter().append("path")
.attr("d", ribbon)
.style("fill", function(d) { return color(d.target.index); })
.style("opacity", "0.02")
.style("stroke", function(d) { return d3.rgb(color(d.a)).darker(); });

var groupTick = group.selectAll(".group-tick")
  .data(function(d, i) { return groupTicks(d, 1000000); })
  .enter().append("g")
    .attr("class", "group-tick")
    .attr("transform", function(d) { return "rotate(" + ((d.angle+d.fat) * 180 / Math.PI - 90) + ") translate("+(width/4 -5)+",0)"; });



groupTick
  .append("text")
    .attr("x", 10)
    .attr("dy", "0.26em")
    .attr("class", "myText")
    .attr("transform", function(d) { return d.angle > Math.PI ? "rotate(180) translate(-20)" : null; })
    .style("text-anchor", function(d) { return d.angle > Math.PI ? "end" : null; })
    .text(
function(d) { return d.name;}
    );

g.append("g")
    .attr("class", "ribbons")
    .attr("id", function(d, i) {return "rib"+i;})
  .selectAll("path")
  .data(function(chords) { return chords; })
  .enter().append("path")
    .attr("d", ribbon)
    .style("fill", function(d) { 
      let quantizedVal;
      if(d.source.value < cutA){
        quantizedVal = 0
      } else if(d.source.value < cutB){
        quantizedVal = 1;

      } else if(d.source.value < cutC){
        quantizedVal = 2;

      } else {
        quantizedVal = 3;
      }
      return correlationColors(quantizedVal); 
      
      })
    .style("stroke", function(d) { return d3.rgb(color(currentNum)).darker(); });

    group.append("path")
    .style("fill-opacity", 0.0)
    .style("stroke-opacity", 0.0)
    .attr("class", "mousecatcher")
    .attr("myindex", function(d, i){  return i; })
    .attr("d", d3.arc()
      .innerRadius(innerRadius)
      .outerRadius(innerRadius+250)
    );


function groupTicks(d, step) {
  var k = (d.endAngle - d.startAngle) / d.value;
  return d3.range(0, d.value, step).map(function(value) {
    return {
      value: value,
      angle: value * k + d.startAngle,
      id: d.index,
      name: questionNames[d.index],
      fat: (d.endAngle-d.startAngle)/2,
    };
  });
}


d3.selectAll(".mousecatcher").on("mouseover", function() {
  var id = d3.select(this).attr("myindex");
  hoverer.fill(false);
  hoverer[id] = true;
  anyHover = true;
updateStyles();
secondUpdateStyles();
});

d3.selectAll(".mousecatcher").on("mouseleave", function() {
  var id = d3.select(this).attr("myindex");
  if(hoverer[id]){
    hoverer[id] = false;
    anyHover = false;
  }
  updateStyles();
  secondUpdateStyles();
});

function updateStyles(){

  secondary.fill(false);


    d3.selectAll(".myArc").each(function() {
      d3.select(this).style("fill-opacity", function(d) {
        if(anyHover){
          if(hoverer[d.index]){
            return 1.0;
          } else {
            return 0;
          }
        } else {
          return 1.0;
        }
      })
  });

/*  d3.selectAll(".ribbons").each(function(d, i) {
    d3.select(this).style("fill-opacity", function() {
      //console.log(this);
      console.log(d);
      if(anyHover){
        for(var q = 0; q < d.length; q++){
          if(hoverer[d[q].source.index] || hoverer[d[q].source.subindex]){
          //  console.log(d[q]);
          //  d[q].style("fill-opacity", 1.0);
          }
        }
        return 1.0;
        //if(hoverer[d.index]){
        //  return 1.0;
      ///  } else {
      //    return 0.5;
      //  }
      } else {
        //console.log(i);
        return 1.0;
      }
    })
  });
*/

  d3.selectAll(".ribbons").selectAll("path").style("fill-opacity",  function(d, i) {
    if(anyHover){

    if(hoverer[d.source.index] || hoverer[d.target.index]){
      secondary[d.source.index] = true;
      secondary[d.target.index] = true;

      return 0.7;
    } else {
      return 0;
    }
  } else {
    return 0.7;
  }

  });

  
  d3.selectAll(".ribbons").selectAll("path").style("stroke-opacity",  function(d, i) {
    if(anyHover){

    if(hoverer[d.source.index] || hoverer[d.target.index]){
      secondary[d.source.index] = true;
      secondary[d.target.index] = true;

      return 0.4;
    } else {
      return 0;
    }
  } else {
    return 0.4;
  }

  });
}

function secondUpdateStyles(){
  d3.selectAll(".myArc").each(function() {
    d3.select(this).style("fill-opacity", function(d) {
      if(anyHover){
        if(secondary[d.index]){
          if(hoverer[d.index]){
          return 1.0;
        } else {
          return 0.75;
        }
        } else {
          return 0.15;
        }
      } else {
        return 1.0;
      }
    })
});

d3.selectAll(".myText").each(function() {
  d3.select(this).style("opacity", function(d) {
    if(anyHover){
      if(secondary[d.id]){
        if(hoverer[d.id]){
          return "1"; //main
        } else {
          return "1"; //secondary
        }
      } else {
        return "0.2"; //off
      }
    } else {
      return "1"; //default
    }
  })
});

d3.selectAll(".myText").each(function() {
  d3.select(this).style("font-weight", function(d) {
    if(anyHover){
      if(secondary[d.id]){
        if(hoverer[d.id]){
          return "bold"; //main
        } else {
          return "normal"; //secondary
        }
      } else {
        return "light"; //off
      }
    } else {
      return "normal"; //default
    }
  })
});

}

})();

</script>


</body>
</html>
